      1                                                                             
                                                                                           
                                                                                              
                                                                                       
 
                    
                   
                   
                    
                      
                       
 
                                                                    
                        
  
                      
       1  
  
 
                                 
  
        0  
              
           5 
                         4          
 
                           
                                             
                     1                0 
                                        
                    2                     0777     0                       
                                        
                    3                     0777     0 
                                      
                    4                     0777     0 
                                        
 
                                
                           1     0 
   
                                                      
    
                      1  
                      1  
                      1  
    
                                                            2 3      
                                  
                                                          
 
                                                           
                                                                           
                      1  
                                              
                  1  
                                                         
                 0                9  
                      1  
       
                  1  
                                                                              
                     33                   47                   58                   64 
                      1  
                          91                   96                    123                   127 
                      1  
                                               
                  1  
   
 
                             
            
           
           
           
 
         0 
  
 